 <pre>

 Contingency table for Rh2m (%)
 Selection: ALL   1062 stations
Period: 20240206-20240222
Used {00,03,...,21} + 00 03 ... 48
 Limits    30.0000000       50.0000000       65.0000000       75.0000000       85.0000000       95.0000000       100.000000    
 Each class is data <= limit, the very last > last limit
 Total number of values      745945
                                              OBSERVATION
                                      4        0        0        0        0        0        0        0 |         4
                                    114     1774     1838      460      295      228       15        0 |      4724
                                     42     2015    14456    13694    18884     2942      384        0 |     52417
                    sam0mbr000       10      486    10950    31091    55263    16916      979        0 |    115695
                                      0      125     4059    22819    84542    61175     5210        0 |    177930
                                      0       17      501     5318    40465   146448    42984        0 |    235733
                                      0        0       19      200     2572    37281   117964        0 |    158036
                                      0        0        0        0        0       46     1360        0 |      1406

                    SUM             170     4417    31823    73582   202021   265036   168896        0 |    745945
                                              OBSERVATION
                                      4        1        0        0        0        0        0        0 |         5
                                    110     1752     1816      466      321      230       23        0 |      4718
                                     46     2013    14472    13614    18815     2882      359        0 |     52201
                    sam5mbr000       10      514    10935    31053    55341    16829     1033        0 |    115715
                                      0      125     4080    22841    84421    61078     5148        0 |    177693
                                      0       12      501     5404    40554   146655    42979        0 |    236105
                                      0        0       19      204     2569    37315   117992        0 |    158099
                                      0        0        0        0        0       47     1362        0 |      1409

                    SUM             170     4417    31823    73582   202021   265036   168896        0 |    745945

