 <pre>

 Contingency table for Cloud cover (octas)
 Selection: ALL    402 stations
Period: 20240206-20240228
Used {00,03,...,21} + 03 06 ... 48
 Limits   0.500000000       1.50000000       2.50000000       3.50000000       4.50000000       5.50000000       6.50000000       7.50000000    
 Each class is data <= limit, the very last > last limit
 Total number of values      284904
                                                       OBSERVATION
                                   8269     1478     1808      804      500      604      702      657     1928 |     16750
                                   1951      455      709      404      296      431      481      576     1662 |      6965
                                   1052      278      489      331      222      303      447      469     1453 |      5044
                                    782      246      386      296      208      285      447      468     1483 |      4601
                    sam0mbr000      728      227      417      291      178      312      477      559     1695 |      4884
                                    680      231      375      303      175      334      528      606     2050 |      5282
                                    798      219      449      325      244      425      738      908     2914 |      7020
                                   1125      401      688      564      394      674     1230     1787     6430 |     13293
                                   3544     1255     2079     2230     1755     3199     7626    27139   172238 |    221065

                    SUM           18929     4790     7400     5548     3972     6567    12676    33169   191853 |    284904
                                                       OBSERVATION
                                   8225     1493     1757      816      508      606      674      675     1963 |     16717
                                   1951      470      745      396      302      415      479      552     1611 |      6921
                                   1030      276      497      340      193      324      480      465     1464 |      5069
                                    824      238      389      282      199      286      435      456     1443 |      4552
                    sam5mbr000      729      200      396      281      179      316      472      567     1682 |      4822
                                    654      225      362      272      226      314      544      637     2088 |      5322
                                    772      231      454      350      213      397      696      881     2978 |      6972
                                   1135      391      713      587      382      715     1274     1807     6297 |     13301
                                   3609     1266     2087     2224     1770     3194     7622    27129   172327 |    221228

                    SUM           18929     4790     7400     5548     3972     6567    12676    33169   191853 |    284904

