 <pre>

 Contingency table for Visibility (m)
 Selection: ALL    711 stations
Period: 20240206-20240222
Used {00,03,...,21} + 00 03 ... 48
 Limits    1000.00000       5000.00000       10000.0000       20000.0000    
 Each class is data <= limit, the very last > last limit
 Total number of values      479263
                                     OBSERVATION
                                  10674    10282     3336     1797     1321 |     27410
                                   5702    36970    20934    16585    10814 |     91005
                    sam0mbr000     2197    17158    23751    31282    31164 |    105552
                                    950     7133    16728    32767    60958 |    118536
                                   1449     8820    16522    38416    71553 |    136760

                    SUM           20972    80363    81271   120847   175810 |    479263
                                     OBSERVATION
                                  10756    10315     3363     1759     1340 |     27533
                                   5615    37009    21175    16690    10941 |     91430
                    sam5mbr000     2211    17219    23621    31326    31318 |    105695
                                    945     7002    16647    32784    60742 |    118120
                                   1445     8818    16465    38288    71469 |    136485

                    SUM           20972    80363    81271   120847   175810 |    479263

