 <pre>

 Contingency table for Rh2m (%)
 Selection: ALL   1071 stations
Period: 20240206-20240311
Used {00,03,...,21} + 00 03 ... 48
 Limits    30.0000000       50.0000000       65.0000000       75.0000000       85.0000000       95.0000000       100.000000    
 Each class is data <= limit, the very last > last limit
 Total number of values     1634803
                                              OBSERVATION
                                     52       54        0        0        0        0        0        0 |       106
                                    472     6672     3731      713      404      257       20        0 |     12269
                                    306    11644    42293    21103    21037     3789      530        0 |    100702
                    sam0mbr000       49     3569    36927    67195    70777    21734     1697        0 |    201948
                                      5      865    17821    63949   167354    99083    11052        0 |    360129
                                      0      115     3760    24716   123234   340044   105489        0 |    597358
                                      0       10      213     1366    11307    95573   252113        0 |    360582
                                      0        0        0        0        3       98     1608        0 |      1709

                    SUM             884    22929   104745   179042   394116   560578   372509        0 |   1634803
                                              OBSERVATION
                                     53       57        0        0        0        0        0        0 |       110
                                    470     6627     3703      712      428      253       27        0 |     12220
                                    308    11622    42199    20993    20942     3722      499        0 |    100285
                    sam5mbr000       47     3630    36952    67071    70707    21565     1743        0 |    201715
                                      6      873    17914    64089   166898    98977    10955        0 |    359712
                                      0      111     3765    24777   123720   340235   105616        0 |    598224
                                      0        9      212     1400    11418    95719   252057        0 |    360815
                                      0        0        0        0        3      107     1612        0 |      1722

                    SUM             884    22929   104745   179042   394116   560578   372509        0 |   1634803

