 <pre>

 Contingency table for Cloud cover (octas)
 Selection: ALL    401 stations
Period: 20240206-20240222
Used {00,03,...,21} + 03 06 ... 48
 Limits   0.500000000       1.50000000       2.50000000       3.50000000       4.50000000       5.50000000       6.50000000       7.50000000    
 Each class is data <= limit, the very last > last limit
 Total number of values      199812
                                                       OBSERVATION
                                   6903     1134     1515      569      293      390      497      291     1241 |     12833
                                   1566      327      606      290      189      280      316      322     1189 |      5085
                                    834      191      399      249      141      211      326      264     1001 |      3616
                                    609      171      310      225      125      165      302      254     1054 |      3215
                    sam0mbr000      556      161      326      206       98      210      300      326     1218 |      3401
                                    493      135      294      215      105      225      340      356     1444 |      3607
                                    569      140      320      218      152      281      492      567     2118 |      4857
                                    769      241      467      398      236      431      805     1106     4767 |      9220
                                   2578      814     1409     1551     1204     2154     5125    19516   119627 |    153978

                    SUM           14877     3314     5646     3921     2543     4347     8503    23002   133659 |    199812
                                                       OBSERVATION
                                   6864     1145     1469      575      294      388      467      304     1275 |     12781
                                   1573      348      627      281      192      274      310      314     1140 |      5059
                                    818      186      401      259      123      228      347      252     1012 |      3626
                                    632      160      320      216      112      181      304      259     1001 |      3185
                    sam5mbr000      549      124      307      192      104      195      310      320     1204 |      3305
                                    488      138      281      195      138      201      351      366     1517 |      3675
                                    538      149      333      247      139      267      462      570     2179 |      4884
                                    796      245      484      404      237      459      853     1127     4644 |      9249
                                   2619      819     1424     1552     1204     2154     5099    19490   119687 |    154048

                    SUM           14877     3314     5646     3921     2543     4347     8503    23002   133659 |    199812

