 <pre>

 Contingency table for Visibility (m)
 Selection: ALL    714 stations
Period: 20240206-20240228
Used {00,03,...,21} + 00 03 ... 48
 Limits    1000.00000       5000.00000       10000.0000       20000.0000    
 Each class is data <= limit, the very last > last limit
 Total number of values      688307
                                     OBSERVATION
                                  17085    15873     6046     3928     2605 |     45537
                                   8647    46161    27470    21676    15051 |    119005
                    sam0mbr000     4282    25097    34948    44784    46057 |    155168
                                   1959    10761    25262    47265    98037 |    183284
                                   2116    10694    20856    50418   101229 |    185313

                    SUM           34089   108586   114582   168071   262979 |    688307
                                     OBSERVATION
                                  17232    15915     6041     3881     2704 |     45773
                                   8565    46216    27767    21798    15173 |    119519
                    sam5mbr000     4243    25104    34843    44900    46237 |    155327
                                   1937    10656    25146    47254    97778 |    182771
                                   2112    10695    20785    50238   101087 |    184917

                    SUM           34089   108586   114582   168071   262979 |    688307

