 <pre>

 Contingency table for Visibility (m)
 Selection: ALL    713 stations
Period: 20240206-20240227
Used {00,03,...,21} + 00 03 ... 48
 Limits    1000.00000       5000.00000       10000.0000       20000.0000    
 Each class is data <= limit, the very last > last limit
 Total number of values      649583
                                     OBSERVATION
                                  15498    15096     5806     3738     2517 |     42655
                                   7888    44597    26531    20859    14270 |    114145
                    sam0mbr000     3600    23201    32505    42468    43994 |    145768
                                   1689     9928    23126    44140    92260 |    171143
                                   1987    10101    19465    47447    96872 |    175872

                    SUM           30662   102923   107433   158652   249913 |    649583
                                     OBSERVATION
                                  15633    15131     5814     3676     2613 |     42867
                                   7801    44648    26804    20987    14372 |    114612
                    sam5mbr000     3555    23207    32381    42550    44206 |    145899
                                   1685     9828    23015    44127    91993 |    170648
                                   1988    10109    19419    47312    96729 |    175557

                    SUM           30662   102923   107433   158652   249913 |    649583

