 <pre>

 Contingency table for Cloud cover (octas)
 Selection: ALL    402 stations
Period: 20240206-20240227
Used {00,03,...,21} + 03 06 ... 48
 Limits   0.500000000       1.50000000       2.50000000       3.50000000       4.50000000       5.50000000       6.50000000       7.50000000    
 Each class is data <= limit, the very last > last limit
 Total number of values      269267
                                                       OBSERVATION
                                   8109     1439     1759      760      471      569      665      613     1764 |     16149
                                   1902      434      687      384      279      401      439      545     1534 |      6605
                                   1018      263      463      314      205      284      428      437     1344 |      4756
                                    748      234      371      279      196      259      426      448     1373 |      4334
                    sam0mbr000      698      216      395      274      163      290      442      525     1561 |      4564
                                    651      213      360      280      167      305      492      579     1889 |      4936
                                    742      210      414      300      227      393      687      855     2704 |      6532
                                   1047      382      619      529      373      605     1135     1684     5995 |     12369
                                   3336     1190     1892     2111     1680     3049     7157    26219   162388 |    209022

                    SUM           18251     4581     6960     5231     3761     6155    11871    31905   180552 |    269267
                                                       OBSERVATION
                                   8067     1452     1711      771      475      568      632      633     1792 |     16101
                                   1897      450      719      375      289      392      443      521     1499 |      6585
                                   1000      266      479      322      176      303      462      433     1355 |      4796
                                    794      222      371      268      184      267      413      432     1340 |      4291
                    sam5mbr000      697      187      375      266      166      284      448      529     1552 |      4504
                                    619      207      341      251      216      287      510      609     1945 |      4985
                                    713      221      424      324      200      369      641      836     2758 |      6486
                                   1064      373      642      546      363      646     1179     1706     5870 |     12389
                                   3400     1203     1898     2108     1692     3039     7143    26206   162441 |    209130

                    SUM           18251     4581     6960     5231     3761     6155    11871    31905   180552 |    269267

