 <pre>

 Contingency table for Visibility (m)
 Selection: ALL    712 stations
Period: 20240206-20240225
Used {00,03,...,21} + 00 03 ... 48
 Limits    1000.00000       5000.00000       10000.0000       20000.0000    
 Each class is data <= limit, the very last > last limit
 Total number of values      580604
                                     OBSERVATION
                                  12143    12732     4497     2725     1885 |     33982
                                   6475    42089    24725    19481    12908 |    105678
                    sam0mbr000     2466    20594    29152    38898    39496 |    130606
                                   1072     8729    20834    39872    80201 |    150708
                                   1536     9530    18186    43855    86523 |    159630

                    SUM           23692    93674    97394   144831   221013 |    580604
                                     OBSERVATION
                                  12234    12772     4528     2685     1932 |     34151
                                   6386    42132    24985    19598    13009 |    106110
                    sam5mbr000     2471    20634    29003    38941    39661 |    130710
                                   1062     8600    20750    39858    79978 |    150248
                                   1539     9536    18128    43749    86433 |    159385

                    SUM           23692    93674    97394   144831   221013 |    580604

