 <pre>

 Contingency table for Cloud cover (octas)
 Selection: ALL    403 stations
Period: 20240206-20240309
Used {00,03,...,21} + 03 06 ... 48
 Limits   0.500000000       1.50000000       2.50000000       3.50000000       4.50000000       5.50000000       6.50000000       7.50000000    
 Each class is data <= limit, the very last > last limit
 Total number of values      411024
                                                       OBSERVATION
                                  28510     2795     3023     1472      852     1078     1303     1313     3633 |     43979
                                   4164      818     1132      720      487      678      844      919     2962 |     12724
                                   2148      478      778      551      326      489      760      760     2509 |      8799
                                   1561      395      599      469      303      433      704      742     2534 |      7740
                    sam0mbr000     1466      390      644      468      294      472      788      821     2952 |      8295
                                   1382      409      597      449      307      499      838      939     3541 |      8961
                                   1538      400      719      510      383      637     1118     1372     4900 |     11577
                                   2148      639     1068      875      629     1007     1815     2547    10208 |     20936
                                   7470     2175     3325     3270     2469     4484    10413    32767   221640 |    288013

                    SUM           50387     8499    11885     8784     6050     9777    18583    42180   254879 |    411024
                                                       OBSERVATION
                                  28501     2806     2978     1514      853     1077     1265     1327     3644 |     43965
                                   4132      844     1162      683      494      646      855      896     2873 |     12585
                                   2160      472      800      553      305      530      785      754     2499 |      8858
                                   1596      383      598      465      299      430      702      734     2520 |      7727
                    sam5mbr000     1480      373      622      457      287      474      757      843     2953 |      8246
                                   1332      379      593      416      346      470      858      967     3566 |      8927
                                   1462      403      713      533      348      600     1065     1294     4982 |     11400
                                   2173      654     1069      873      626     1034     1893     2614    10136 |     21072
                                   7551     2185     3350     3290     2492     4516    10403    32751   221706 |    288244

                    SUM           50387     8499    11885     8784     6050     9777    18583    42180   254879 |    411024

