 <pre>

 Contingency table for Visibility (m)
 Selection: ALL    717 stations
Period: 20240206-20240309
Used {00,03,...,21} + 00 03 ... 48
 Limits    1000.00000       5000.00000       10000.0000       20000.0000    
 Each class is data <= limit, the very last > last limit
 Total number of values      996356
                                     OBSERVATION
                                  22691    20832     7912     5133     3804 |     60372
                                  10816    52941    31748    25832    17821 |    139158
                    sam0mbr000     6071    35259    49949    65723    58204 |    215206
                                   3104    16186    41555    85987   146119 |    292951
                                   3178    14442    32642    85144   153263 |    288669

                    SUM           45860   139660   163806   267819   379211 |    996356
                                     OBSERVATION
                                  22854    20885     7886     5081     3832 |     60538
                                  10734    52968    32024    25912    17932 |    139570
                    sam5mbr000     6040    35231    49833    65873    58484 |    215461
                                   3069    16139    41514    86053   145950 |    292725
                                   3163    14437    32549    84900   153013 |    288062

                    SUM           45860   139660   163806   267819   379211 |    996356

