 <pre>

 Contingency table for Cloud cover (octas)
 Selection: ALL    403 stations
Period: 20240206-20240311
Used {00,03,...,21} + 03 06 ... 48
 Limits   0.500000000       1.50000000       2.50000000       3.50000000       4.50000000       5.50000000       6.50000000       7.50000000    
 Each class is data <= limit, the very last > last limit
 Total number of values      434874
                                                       OBSERVATION
                                  31172     3023     3326     1563      909     1164     1378     1376     3756 |     47667
                                   4669      860     1217      759      512      708      909      971     3075 |     13680
                                   2420      503      823      571      341      527      809      802     2637 |      9433
                                   1759      424      643      497      320      454      766      787     2674 |      8324
                    sam0mbr000     1609      412      689      492      308      493      858      869     3130 |      8860
                                   1565      433      632      475      324      526      896     1001     3741 |      9593
                                   1683      422      767      539      398      678     1204     1447     5239 |     12377
                                   2349      668     1131      919      658     1061     1959     2693    10868 |     22306
                                   7927     2305     3537     3418     2619     4710    11207    34344   232567 |    302634

                    SUM           55153     9050    12765     9233     6389    10321    19986    44290   267687 |    434874
                                                       OBSERVATION
                                  31125     3039     3278     1608      910     1161     1337     1391     3758 |     47607
                                   4664      888     1248      719      519      681      928      941     3001 |     13589
                                   2446      495      848      576      318      556      829      799     2610 |      9477
                                   1790      402      628      486      318      449      765      779     2671 |      8288
                    sam5mbr000     1647      399      668      476      301      502      801      886     3107 |      8787
                                   1509      398      625      440      360      506      920     1027     3783 |      9568
                                   1607      429      770      564      363      635     1144     1370     5327 |     12209
                                   2357      681     1133      921      656     1085     2038     2767    10774 |     22412
                                   8008     2319     3567     3443     2644     4746    11224    34330   232656 |    302937

                    SUM           55153     9050    12765     9233     6389    10321    19986    44290   267687 |    434874

