 <pre>

 Contingency table for Cloud cover (octas)
 Selection: ALL    401 stations
Period: 20240206-20240225
Used {00,03,...,21} + 03 06 ... 48
 Limits   0.500000000       1.50000000       2.50000000       3.50000000       4.50000000       5.50000000       6.50000000       7.50000000    
 Each class is data <= limit, the very last > last limit
 Total number of values      240964
                                                       OBSERVATION
                                   7748     1320     1658      693      415      497      600      535     1615 |     15081
                                   1815      381      652      352      242      352      396      485     1396 |      6071
                                    954      229      438      286      188      256      384      374     1194 |      4303
                                    703      209      345      256      175      222      363      377     1207 |      3857
                    sam0mbr000      651      190      366      238      147      258      378      473     1399 |      4100
                                    594      184      323      248      142      280      427      514     1670 |      4382
                                    680      186      352      266      206      343      605      760     2448 |      5846
                                    919      310      522      448      305      528      974     1476     5381 |     10863
                                   2948     1033     1607     1794     1462     2597     6152    23937   144931 |    186461

                    SUM           17012     4042     6263     4581     3282     5333    10279    28931   161241 |    240964
                                                       OBSERVATION
                                   7720     1333     1613      705      416      501      568      555     1650 |     15061
                                   1812      401      680      337      253      343      389      471     1365 |      6051
                                    937      224      444      299      162      272      412      372     1193 |      4315
                                    736      193      351      247      167      234      359      371     1172 |      3830
                    sam5mbr000      641      156      343      225      144      246      382      466     1387 |      3990
                                    579      183      307      225      190      258      439      537     1750 |      4468
                                    655      197      366      290      178      326      566      739     2487 |      5804
                                    942      317      540      459      306      567     1018     1492     5245 |     10886
                                   2990     1038     1619     1794     1466     2586     6146    23928   144992 |    186559

                    SUM           17012     4042     6263     4581     3282     5333    10279    28931   161241 |    240964

