 <pre>

 Contingency table for Visibility (m)
 Selection: ALL    717 stations
Period: 20240206-20240311
Used {00,03,...,21} + 00 03 ... 48
 Limits    1000.00000       5000.00000       10000.0000       20000.0000    
 Each class is data <= limit, the very last > last limit
 Total number of values     1054106
                                     OBSERVATION
                                  22749    20914     7971     5194     3886 |     60714
                                  10834    53419    32102    26310    18122 |    140787
                    sam0mbr000     6112    36181    51666    68130    60465 |    222554
                                   3131    16948    43999    92241   157161 |    313480
                                   3265    14939    35204    93888   169275 |    316571

                    SUM           46091   142401   170942   285763   408909 |   1054106
                                     OBSERVATION
                                  22912    20971     7950     5143     3913 |     60889
                                  10753    53435    32386    26410    18239 |    141223
                    sam5mbr000     6077    36164    51580    68276    60739 |    222836
                                   3099    16906    43938    92317   157052 |    313312
                                   3250    14925    35088    93617   168966 |    315846

                    SUM           46091   142401   170942   285763   408909 |   1054106

